[1] "Fracture_of_upper_limb"
[1] 1999
[1] 2000
[1] 2001
[1] 2002
[1] 2003
[1] 2004
[1] 2005
[1] 2006
[1] 2007
[1] 2008
[1] 2009
[1] 2010
[1] 2011
[1] 2012
[1] 2013
[1] 2014
  fipscounty day month year cases population        rates     tmean
1      10001   1     1 1999     1      13014 7.684033e-05 -6.110097
2      10001   1     1 2000     0      13331 0.000000e+00  3.688167
3      10001   1     1 2001     0      13744 0.000000e+00 -1.962286
4      10001   1     1 2002     0      14134 0.000000e+00 -3.996383
5      10001   1     1 2003     0      14820 0.000000e+00  8.674599
6      10001   1     1 2004     0      15495 0.000000e+00  3.797066
   user  system elapsed 
 82.104   5.420  89.815 
[1] FALSE
[1] FALSE
[1] FALSE
NULL
null device 
          1 
