[1] "Fracture_of_neck_of_femur_(hip)"
[1] 1999
[1] 2000
[1] 2001
[1] 2002
[1] 2003
[1] 2004
[1] 2005
[1] 2006
[1] 2007
[1] 2008
[1] 2009
[1] 2010
[1] 2011
[1] 2012
[1] 2013
[1] 2014
  fipscounty day month year cases population        rates     tmean
1      10001   1     1 1999     0      13014 0.000000e+00 -6.110097
2      10001   1     1 2000     0      13331 0.000000e+00  3.688167
3      10001   1     1 2001     1      13744 7.275902e-05 -1.962286
4      10001   1     1 2002     0      14134 0.000000e+00 -3.996383
5      10001   1     1 2003     1      14820 6.747638e-05  8.674599
6      10001   1     1 2004     1      15495 6.453695e-05  3.797066
   user  system elapsed 
 83.076   5.281  88.486 
[1] FALSE
[1] FALSE
[1] FALSE
NULL
null device 
          1 
